,Trained Prediction,Actuals
0,4064.4644,4031
1,4048.4458,4014
2,4032.5632,3997
3,4016.7732,3980
4,4001.0835,3963
5,3985.5005,3946
6,3970.0286,3928
7,3953.826,3911
8,3938.554,3894
9,3923.4497,3877
10,3908.4727,3860
11,3893.6272,3843
12,3878.918,3825
13,3863.549,3808
14,3849.09,3791
15,3834.8196,3774
16,3820.696,3757
17,3806.7246,3740
18,3792.907,3723
19,3779.2468,3705
20,3765.0125,3688
21,3751.6453,3671
22,3738.4768,3654
23,3725.4702,3637
24,3712.6636,3827
25,3853.1326,4080
26,4076.1592,4333
27,4323.407,4587
28,4578.8433,4840
29,4831.3735,5093
30,5080.33,5346
31,5329.5835,5599
32,5583.725,5852
33,5843.0767,6106
34,6103.8755,6359
35,6359.5034,6612
36,6611.2437,6865
37,6861.72,7118
38,7113.1978,7371
39,7366.2593,7625
40,7621.554,7878
41,7875.7695,8131
42,8128.845,8384
43,8379.66,8637
44,8627.563,8648
45,8624.5205,8576
46,8542.499,8503
47,8467.421,8431
48,8395.56,8359
49,8323.385,8286
50,8249.964,8214
51,8177.595,8142
52,8105.1655,8069
53,8031.581,7997
54,7959.1255,7925
55,7886.66,7852
56,7813.1016,7780
57,7740.7676,7708
58,7668.489,7635
59,7595.1973,7563
60,7523.2153,7491
61,7451.353,7418
62,7378.5513,7346
63,7307.114,7274
64,7235.8325,7201
65,7163.657,7129
66,7092.8447,7057
67,7022.1753,7124
68,7100.3975,7415
69,7412.449,7707
70,7709.353,7998
71,8000.5386,8289
72,8289.952,8580
73,8575.644,8871
74,8857.171,8877
75,8851.618,8768
76,8733.388,8658
77,8620.255,8548
78,8510.05,8439
79,8400.635,8329
80,8289.89,8219
81,8179.0073,8109
82,8068.0796,8000
83,7958.2285,7890
84,7847.3003,7780
85,7736.557,7671
86,7627.193,7561
87,7516.9946,7451
88,7407.253,7342
89,7299.098,7232
90,7190.2837,7122
91,7082.028,7012
92,6974.2607,6903
93,6867.9277,6793
94,6760.6978,7203
95,7208.7896,7848
96,7888.193,8494
97,8531.053,9140
98,9140.129,9785
99,9731.882,10431
100,10332.296,11066
101,10933.886,10971
102,10960.47,10876
103,10888.063,10781
104,10795.239,10686
105,10697.275,10592
106,10598.432,10497
107,10498.17,10402
108,10397.495,10307
109,10296.839,10212
110,10196.462,10117
111,10096.549,10022
112,9997.224,9927
113,9898.551,9832
114,9800.555,9996
115,9939.469,10290
116,10219.481,10585
117,10513.665,10879
118,10807.362,11173
119,11093.847,11468
120,11363.395,11762
121,11604.122,12056
122,11809.602,12350
123,11978.331,12353
124,12002.1,12266
125,11968.384,12180
126,11925.205,12093
127,11877.805,12007
128,11827.736,11920
129,11774.169,11833
130,11717.378,11747
131,11657.95,11660
132,11594.829,11574
133,11529.025,11487
134,11459.51,11401
135,11387.454,11314
136,11311.839,11227
137,11233.256,11141
138,11152.75,11054
139,11069.243,10968
140,10984.27,10881
141,10896.818,10794
142,10807.708,10708
143,10718.212,10621
144,10627.173,10535
145,10536.281,10448
146,10444.37,10362
147,10353.138,10275
148,10261.307,10188
149,10169.644,10102
150,10079.282,10015
151,9988.668,9929
152,9899.386,9842
153,9809.868,9755
154,9720.79,9669
155,9633.15,9582
156,9545.1455,9496
157,9458.396,9409
158,9371.122,9323
159,9284.994,9236
160,9198.177,9149
161,9111.423,9063
162,9025.739,8976
163,8939.122,8890
164,8853.426,8803
165,8766.687,8716
166,8679.808,8630
167,8593.867,8543
168,8506.749,8457
169,8420.532,8370
170,8333.136,8284
171,8246.692,8197
172,8159.08,8110
173,8071.4136,8024
174,7984.8423,7937
175,7897.139,7851
176,7810.6133,7764
177,7723.065,7677
178,7635.697,7612
179,7572.6294,7668
180,7640.695,7785
181,7766.462,7846
182,7823.396,7907
183,7883.0327,7968
184,7944.4604,8030
185,8006.7925,8091
186,8067.879,8152
187,8128.943,8213
188,8189.9653,8274
189,8250.899,8335
190,8311.739,8397
191,8373.538,8458
192,8434.118,8519
193,8494.598,8580
194,8554.991,8641
195,8615.268,8703
196,8676.463,8764
197,8736.494,8825
198,8796.417,8887
199,8857.285,8980
200,8949.1045,8925
201,8893.071,8870
202,8834.801,8815
203,8780.067,8760
204,8725.454,8705
205,8670.704,8650
206,8615.892,8595
207,8561.022,8539
208,8505.042,8484
209,8450.067,8429
210,8395.038,8374
211,8339.92,8319
212,8284.746,8264
213,8229.522,8209
214,8174.256,8154
215,8118.954,8099
216,8063.6235,8044
217,8008.2744,7988
218,7951.8286,7933
219,7896.5347,7878
220,7841.226,7823
221,7785.9106,7768
222,7730.6367,7713
223,7675.412,7658
224,7620.2495,7603
225,7565.161,7548
226,7510.155,7492
227,7454.15,7437
228,7399.414,7382
229,7344.738,7327
230,7290.149,7272
231,7235.6816,7218
232,7182.4126,7164
233,7129.1846,7110
234,7076.046,7055
235,7021.9487,7001
236,6969.0903,6947
237,6916.264,6893
238,6863.489,6839
239,6810.7666,6785
240,6758.0796,6731
241,6705.403,6677
242,6652.709,6623
243,6599.9756,6569
244,6547.1714,6515
245,6494.2715,6461
246,6441.2466,6407
247,6388.0757,6353
248,6334.737,6299
249,6281.216,6245
250,6227.5044,6190
251,6172.5386,6136
252,6118.5107,6082
253,6064.278,6028
254,6009.904,5974
255,5955.439,5920
256,5900.929,5866
257,5846.427,5812
258,5791.986,5758
259,5737.6587,5704
260,5683.496,5650
261,5629.541,5596
262,5575.825,5542
263,5522.3726,5488
264,5469.192,5434
265,5416.2817,5380
266,5363.6274,5326
267,5311.2056,5303
268,5289.5913,5279
269,5266.483,5256
270,5244.238,5233
271,5222.014,5209
272,5198.8306,5186
273,5176.6562,5162
274,5153.515,5139
275,5131.3647,5116
276,5109.2173,5092
277,5086.1,5069
278,5063.954,5046
279,5041.805,5022
280,5018.6772,4999
281,4996.5034,4976
282,4974.317,4952
283,4951.143,4929
284,4928.9067,4906
285,4906.6523,4882
286,4883.402,4859
287,4861.0757,4835
288,4837.764,4812
289,4815.3667,4789
290,4792.9473,4765
291,4769.522,4742
292,4747.0073,4719
293,4724.472,4695
294,4700.929,4767
295,4770.1313,4731
296,4736.6665,4695
297,4701.0083,4659
298,4665.6255,4623
299,4630.1704,4587
300,4594.6333,4551
301,4559.024,4515
302,4523.3545,4479
303,4487.64,4443
304,4451.8994,4407
305,4416.1533,4371
306,4380.4253,4335
307,4344.743,4299
308,4309.1367,4263
309,4273.6313,4227
310,4238.268,4191
311,4203.088,4155
312,4168.132,4119
313,4133.442,4083
314,4099.063,4047
315,4065.0378,4011
316,4031.4138,3975
317,3998.2346,4025
318,4040.2275,4028
319,4044.9136,4031
320,4047.4236,4034
321,4050.0068,4038
322,4053.511,4041
323,4056.194,4044
324,4058.8547,4047
325,4061.5422,4050
326,4064.2576,4054
327,4067.897,4057
328,4070.7205,4060
329,4073.5344,4063
330,4076.3872,4066
331,4079.2751,4070
332,4083.0476,4073
333,4085.9556,4076
334,4088.8203,4079
335,4091.688,4082
336,4094.5579,4086
337,4098.335,4089
338,4101.2554,4092
339,4104.132,4095
340,4107.0117,4098
341,4109.894,4102
342,4113.688,4105
343,4116.6196,4108
344,4119.508,4111
345,4122.4,4114
346,4125.2944,4118
347,4129.1035,4121
348,4132.046,4124
349,4134.946,4127
350,4137.849,4130
351,4140.754,4134
352,4144.5786,4137
353,4147.5312,4140
354,4150.4414,4143
355,4153.355,4146
356,4156.27,4150
357,4160.109,4153
358,4163.0713,4156
359,4165.9907,4159
360,4168.9136,4162
361,4171.8384,4166
362,4175.69,4169
363,4178.6616,4172
364,4181.5903,4175
365,4184.523,4178
366,4187.4565,4182
367,4191.321,4185
368,4194.3003,4188
369,4197.237,4191
370,4200.1772,4194
371,4203.1187,4198
372,4206.9946,4201
373,4209.982,4204
374,4212.9263,4207
375,4215.8745,4210
376,4218.8237,4214
377,4222.7095,4217
378,4225.7036,4220
379,4228.656,4223
380,4231.6104,4226
381,4234.5664,4230
382,4238.4624,4233
383,4241.4634,4236
384,4244.4204,4239
385,4247.382,4242
386,4250.3438,4246
387,4254.249,4249
388,4257.2544,4252
389,4260.2183,4255
390,4263.185,4258
391,4266.1523,4262
392,4270.066,4265
393,4273.076,4268
394,4276.0454,4271
395,4279.0176,4274
396,4281.99,4278
397,4285.91,4281
398,4288.9253,4284
399,4291.899,4287
400,4294.8755,4290
401,4297.852,4294
402,4301.7793,4297
403,4304.798,4300
404,4307.775,4303
405,4310.7554,4306
406,4313.736,4310
407,4317.6694,4313
408,4320.691,4316
409,4323.6714,4319
410,4326.655,4322
411,4329.6387,4326
412,4333.5776,4329
413,4336.601,4332
414,4339.5854,4335
415,4342.5713,4338
416,4345.558,4342
417,4349.501,4345
418,4352.5264,4348
419,4355.512,4351
420,4358.501,4658
421,4655.299,4786
422,4787.97,4913
423,4911.8105,5040
424,5035.527,5167
425,5159.057,5294
426,5283.021,5422
427,5409.0366,5549
428,5535.471,5676
429,5663.3745,5803
430,5792.3823,5930
431,5921.8394,6058
432,6052.105,6185
433,6180.428,6312
434,6307.703,6439
435,6433.887,6567
436,6560.2754,6694
437,6685.0474,6821
438,6809.721,6948
439,6934.565,7075
440,7059.7803,7593
441,7613.2905,7772
442,7768.5044,7950
443,7938.3433,8128
444,8117.433,8306
445,8294.774,8485
446,8471.753,8663
447,8646.366,8841
448,8819.761,8916
449,8888.965,8881
450,8849.25,8845
451,8810.775,8809
452,8775.091,8774
453,8740.447,8738
454,8704.691,8702
455,8668.884,8667
456,8634.115,8631
457,8598.271,8596
458,8563.429,8560
459,8527.5205,8524
460,8491.573,8489
461,8456.683,8453
462,8420.68,8417
463,8384.647,8382
464,8349.683,8346
465,8313.589,8310
466,8277.477,8275
467,8242.448,8239
468,8206.28,8203
469,8170.103,8168
470,8135.025,8132
471,8098.798,8096
472,8062.5767,8061
473,8027.4673,8025
474,7991.2046,7989
475,7954.9624,7954
476,7919.8457,7918
477,7883.574,7882
478,7847.3394,7847
479,7812.2417,7811
480,7775.992,7775
481,7739.7925,7740
482,7704.742,7704
483,7668.5435,7668
484,7632.411,7633
485,7597.433,7597
486,7561.316,7592
487,7559.2153,7608
488,7577.903,7624
489,7594.2744,7640
490,7610.215,7656
491,7626.2456,7671
492,7641.193,7687
493,7657.31,7703
494,7673.3843,7719
495,7689.434,7735
496,7705.4883,7957
497,7947.6396,8078
498,8064.325,8199
499,8181.9526,8320
500,8302.698,8441
501,8422.81,8562
502,8542.304,8683
503,8661.274,8804
504,8779.743,8925
505,8897.765,9043
506,9012.455,8987
507,8955.1,8931
508,8895.362,8875
509,8839.635,8820
510,8785.094,8764
511,8729.404,8708
512,8673.627,8653
513,8618.8545,8597
514,8562.976,8541
515,8507.013,8485
516,8451.015,8430
517,8396.013,8387
518,8353.701,8587
519,8568.138,8788
520,8770.632,8988
521,8963.649,9189
522,9156.964,9389
523,9349.135,9589
524,9541.694,9790
525,9736.444,9728
526,9692.983,9628
527,9593.543,9528
528,9491.659,9428
529,9390.779,9328
530,9290.41,9227
531,9189.369,9127
532,9089.435,9027
533,8989.663,8927
534,8889.885,8827
535,8790.044,8726
536,8689.064,8626
537,8588.966,8526
538,8488.729,8426
539,8388.299,8387
540,8352.792,8408
541,8379.394,8429
542,8401.862,8450
543,8422.597,8471
544,8443.463,8492
545,8464.362,8512
546,8484.192,8533
547,8505.093,8554
548,8525.979,8575
549,8546.822,8596
550,8567.653,8617
551,8588.473,8637
552,8608.243,8658
553,8629.06,8679
554,8649.873,8680
555,8649.988,8646
556,8614.191,8611
557,8578.356,8577
558,8544.544,8542
559,8509.646,8508
560,8475.735,8473
561,8440.751,8439
562,8406.797,8404
563,8371.755,8369
564,8336.688,8335
565,8302.698,8300
566,8267.575,8266
567,8233.513,8231
568,8198.346,8197
569,8164.2534,8162
570,8129.0474,8127
571,8093.844,8093
572,8059.7476,8058
573,8024.5005,8024
574,7990.3594,7989
575,7955.099,7955
576,7920.957,7920
577,7885.695,7885
578,7850.4683,7851
579,7816.3745,7816
580,7781.1284,7782
581,7747.03,7747
582,7711.8135,7713
583,7677.7524,7678
584,7642.576,7644
585,7608.5625,7609
586,7573.439,7574
587,7538.39,7540
588,7504.4976,7505
589,7469.4697,7471
590,7435.621,7436
591,7400.676,7402
592,7366.907,7367
593,7332.0464,7332
594,7297.279,7298
595,7263.667,7263
596,7228.942,7229
597,7195.396,7194
598,7160.767,7160
599,7127.3105,7125
600,7092.774,7091
601,7059.404,7056
602,7024.953,7021
603,6990.595,6987
604,6957.3613,6952
605,6923.021,6918
606,6889.8257,6883
607,6855.544,6849
608,6822.394,6814
609,6788.15,6779
610,6753.9653,6720
611,6694.48,6691
612,6668.222,6662
613,6640.3164,6633
614,6611.915,6604
615,6583.5474,6575
616,6555.1626,6545
617,6525.697,6516
618,6497.3145,6487
619,6468.849,6458
620,6440.3286,6429
621,6411.7686,6400
622,6383.1616,6371
623,6354.5063,6342
624,6325.8003,6313
625,6297.0405,6284
626,6268.226,6255
627,6239.357,6226
628,6210.4336,6197
629,6181.4546,6167
630,6151.357,6138
631,6122.327,6109
632,6093.2075,6080
633,6064.0317,6051
634,6034.82,6022
635,6005.5737,5993
636,5976.3022,5964
637,5947.011,5935
638,5917.7075,5906
639,5888.401,5877
640,5859.098,5848
641,5829.8066,5819
642,5800.5366,5790
643,5771.2964,5760
644,5741.0386,5731
645,5711.9233,5702
646,5682.827,5673
647,5653.781,5644
648,5624.8,5615
649,5595.887,5586
650,5567.0483,5557
651,5538.2847,5528
652,5509.599,5499
653,5480.9917,5470
654,5452.4624,5441
655,5424.0103,5412
656,5395.634,5382
657,5366.3276,5353
658,5338.112,5324
659,5309.945,5295
660,5281.829,5266
661,5253.765,5237
662,5225.743,5208
663,5197.7593,5179
664,5169.806,5150
665,5141.8726,5121
666,5113.9546,5092
667,5086.043,5063
668,5058.1294,5034
669,5030.207,5004
670,5001.3003,4975
671,4973.3345,4946
672,4945.3438,4917
673,4917.31,4888
674,4889.236,4859
675,4861.1133,4830
676,4832.939,4801
677,4804.7085,4772
678,4776.421,4743
679,4748.0728,4714
680,4719.6636,4685
681,4691.195,4656
682,4662.6655,4626
683,4633.1123,4597
684,4604.4497,4568
685,4575.7617,4539
686,4547.028,4510
687,4518.258,4481
688,4489.4585,4452
689,4460.641,4423
690,4431.817,4394
691,4402.997,4365
692,4374.195,4336
693,4345.425,4307
694,4316.704,4278
695,4288.0493,4249
696,4259.4775,4219
697,4230.0723,4190
698,4201.6924,4161
699,4173.5005,4132
700,4145.4736,4103
701,4117.6377,4074
702,4090.0146,4045
703,4062.6296,4016
704,4035.505,3987
705,4008.6633,3958
706,3982.1282,3929
707,3955.9246,3900
708,3930.0723,3924
709,3948.7314,3926
710,3951.2102,3928
711,3952.7068,3929
712,3953.3945,3931
713,3954.9114,3933
714,3956.4954,3935
715,3958.1033,3936
716,3958.8877,3938
717,3960.5066,3940
718,3962.2,3941
719,3963.0725,3943
720,3964.7896,3945
721,3966.588,3947
722,3968.4211,3948
723,3969.3958,3950
724,3971.1736,3952
725,3972.9976,3954
726,3974.8218,3955
727,3975.7908,3957
728,3977.5735,3959
729,3979.4026,3960
730,3980.3728,3962
731,3982.1597,3964
732,3983.9924,3966
733,3985.8264,3967
734,3986.799,3969
735,3988.591,3971
736,3990.4297,3972
737,3991.4036,3974
738,3993.1995,3976
739,3995.0415,3978
740,3996.883,3979
741,3997.8591,3981
742,3999.6604,3983
743,4001.5076,3984
744,4002.486,3986
745,4004.2903,3988
746,4006.1404,3990
747,4007.9915,3991
748,4008.9724,3993
749,4010.7815,3995
750,4012.637,3996
751,4013.6194,3998
752,4015.432,4000
753,4017.2908,4002
754,4019.15,4003
755,4020.1345,4005
756,4021.9524,4007
757,4023.8162,4008
758,4024.8018,4010
759,4026.623,4012
760,4028.49,4014
761,4030.3572,4015
762,4031.3455,4017
763,4033.1704,4019
764,4035.0425,4021
765,4036.9153,4022
766,4037.9058,4024
767,4039.7356,4026
768,4041.6123,4027
769,4042.6042,4029
770,4044.4377,4031
771,4046.3174,4033
772,4048.1973,4034
773,4049.1917,4036
774,4051.0288,4038
775,4052.9138,4039
776,4053.908,4041
777,4055.7488,4043
778,4057.6367,4045
779,4059.5237,4046
780,4060.5208,4048
781,4062.366,4050
782,4064.257,4051
783,4065.2559,4053
784,4067.104,4055
785,4068.9983,4057
786,4070.8928,4058
787,4071.8928,4060
788,4073.7449,4062
789,4075.6438,4063
790,4076.6448,4065
791,4078.5007,4067
792,4080.4016,4069
793,4082.3035,4070
794,4083.3062,4072
795,4085.1653,4074
796,4087.071,4075
797,4088.0754,4077
798,4089.9373,4079
799,4091.846,4081
800,4093.7537,4082
801,4094.7593,4084
802,4096.6255,4086
803,4098.5376,4148
804,4155.264,4269
805,4271.148,4391
806,4392.6274,4513
807,4514.721,4634
808,4635.5464,4756
809,4756.4844,4878
810,4876.4634,4999
811,4994.6606,5121
812,5113.4336,5242
813,5231.412,5364
814,5351.1206,5486
815,5472.0293,5607
816,5593.2754,5729
817,5716.8125,5851
818,5841.0854,5972
819,5964.3853,6094
820,6088.3174,6216
821,6211.3247,6337
822,6332.223,6459
823,6453.2886,6580
824,6572.531,6702
825,6692.4585,6824
826,6812.2285,6945
827,6931.065,7067
828,7051.377,7189
829,7172.0903,7310
830,7292.1904,7432
831,7413.913,7554
832,7535.972,7675
833,7657.178,7797
834,7779.6934,7918
835,7901.06,8040
836,8023.4126,8162
837,8145.452,8283
838,8265.998,8405
839,8387.212,8447
840,8423.407,8324
841,8287.708,8293
842,8258.071,8263
843,8231.084,8232
844,8199.821,8202
845,8169.6646,8172
846,8139.5747,8141
847,8108.3525,8111
848,8078.2554,8081
849,8048.1294,8050
850,8016.8765,8020
851,7986.765,7990
852,7956.6235,7959
853,7925.3564,7929
854,7895.2437,7898
855,7864.0107,7868
856,7833.9067,7838
857,7803.777,7807
858,7772.527,7777
859,7742.4556,7747
860,7712.3564,7716
861,7681.143,7686
862,7651.1157,7656
863,7621.0654,7625
864,7589.908,7595
865,7559.9443,7564
866,7528.864,7534
867,7498.947,7504
868,7469.0137,7473
869,7437.988,7443
870,7408.1606,7413
871,7378.3145,7382
872,7347.386,7352
873,7317.6567,7321
874,7286.8247,7291
875,7257.1616,7261
876,7227.4834,7230
877,7196.735,7200
878,7167.179,7170
879,7137.6055,7139
880,7106.9653,7109
881,7077.512,7079
882,7048.0366,7048
883,7017.5015,7018
884,6988.1387,6987
885,6957.6836,6957
886,6928.3726,6927
887,6899.0317,6896
888,6868.6294,6866
889,6839.378,6836
890,6810.087,6805
891,6779.729,6775
892,6750.5063,6745
893,6721.232,6714
894,6690.883,6684
895,6661.6494,6653
896,6631.3,6623
897,6602.0356,6593
898,6572.7007,6562
899,6542.272,6532
900,6512.9297,6502
901,6483.502,6471
902,6452.966,6441
903,6423.5005,6410
904,6392.8833,6380
905,6363.3154,6350
906,6333.648,6387
907,6374.9053,6423
908,6411.139,6460
909,6447.6147,6497
910,6484.065,6533
911,6519.3945,6570
912,6555.7905,6607
913,6592.096,6643
914,6627.299,6680
915,6663.595,6716
916,6698.77,6745
917,6726.588,6721
918,6698.8843,6698
919,6675.8325,6674
920,6652.427,6651
921,6630.017,6628
922,6607.5405,6604
923,6583.9854,6581
924,6561.5337,6558
925,6539.0166,6534
926,6515.411,6511
927,6492.903,6487
928,6469.267,6464
929,6446.709,6441
930,6424.076,6417
931,6400.346,6394
932,6377.702,6370
933,6353.921,6347
934,6331.2104,6324
935,6308.4214,6300
936,6284.5234,6277
937,6261.7095,6254
938,6238.814,6230
939,6214.809,6207
940,6191.888,6183
941,6167.8228,6160
942,6144.8325,6137
943,6121.767,6113
944,6097.5923,6090
945,6074.511,6066
946,6050.2925,6043
947,6027.1597,6020
948,6003.9663,5996
949,5979.6772,5973
950,5956.4937,5950
951,5933.2603,5926
952,5908.9434,5903
953,5885.7417,5879
954,5861.439,5856
955,5838.2446,5833
956,5815.026,5809
957,5790.7524,5786
958,5767.604,5762
959,5743.389,5739
960,5720.29,5716
961,5697.192,5692
962,5673.071,5669
963,5650.0747,5646
964,5627.09,5622
965,5603.103,5599
966,5580.234,5575
967,5556.356,5552
968,5533.5815,5529
969,5510.8325,5505
970,5487.105,5482
971,5464.477,5458
972,5440.8643,5435
973,5418.3315,5412
974,5395.8276,5388
975,5372.362,5365
976,5349.962,5342
977,5327.5884,5318
978,5304.2554,5295
979,5281.9673,5271
980,5258.715,5248
981,5236.4863,5225
982,5214.2744,5201
983,5191.1006,5178
984,5168.9326,5155
985,5146.7744,5131
986,5123.6475,5108
987,5101.5054,5084
988,5078.394,5061
989,5056.2476,5038
990,5034.0977,5014
991,5010.9663,4991
992,4988.7866,4967
993,4965.629,4944
994,4943.4087,4921
995,4921.1714,4897
996,4897.94,4874
997,4875.6343,4851
998,4853.309,4827
999,4829.982,4910
1000,4909.906,4893
1001,4894.3833,4877
1002,4878.4683,4860
1003,4861.9653,4843
1004,4845.4424,4827
1005,4829.8677,4810
1006,4813.3228,4793
1007,4796.7417,4777
1008,4781.1113,4760
1009,4764.511,4743
1010,4747.872,4727
1011,4732.1826,4710
1012,4715.5254,4593
1013,4602.2046,4580
1014,4587.0347,4566
1015,4573.479,4552
1016,4559.594,4539
1017,4546.652,4525
1018,4532.7617,4511
1019,4518.8345,4498
1020,4505.8677,4484
1021,4491.9595,4471
1022,4478.9785,4457
1023,4465.0625,4443
1024,4451.111,4430
1025,4438.123,4416
1026,4424.2065,4403
1027,4411.227,4389
1028,4397.3296,4375
1029,4383.4004,4362
1030,4370.438,4348
1031,4356.561,4335
1032,4343.609,4321
1033,4329.7534,4307
1034,4315.8716,4294
1035,4302.9556,4280
1036,4289.1455,4267
1037,4276.2583,4253
1038,4262.488,4239
1039,4248.698,4226
1040,4235.8745,4212
1041,4222.179,4199
1042,4209.404,4185
1043,4195.7686,4171
1044,4182.1245,4183
1045,4192.6206,4179
1046,4189.367,4176
1047,4186.3193,4172
1048,4182.418,4169
1049,4179.4087,4165
1050,4175.524,4162
1051,4172.528,4158
1052,4168.6567,4154
1053,4164.7515,4151
1054,4161.776,4147
1055,4157.93,4144
1056,4154.9683,4140
1057,4151.14,4137
1058,4148.194,4133
1059,4144.3716,4129
1060,4140.5063,4126
1061,4137.5615,4122
1062,4133.7485,4119
1063,4130.8066,4115
1064,4126.9985,4112
1065,4124.062,4108
1066,4120.261,4104
1067,4116.4194,4101
1068,4113.492,4097
1069,4109.7026,4094
1070,4106.779,4090
1071,4102.9966,4087
1072,4100.0776,4083
1073,4096.3027,4079
1074,4092.4866,4076
1075,4089.5781,4072
1076,4085.8154,4069
1077,4082.911,4065
1078,4079.1553,4062
1079,4076.2573,4058
1080,4072.51,4054
1081,4068.7227,4051
1082,4065.8347,4047
1083,4062.1013,4044
1084,4059.218,4040
1085,4055.4932,4037
1086,4052.6155,4033
1087,4048.8992,4030
1088,4046.0288,4026
1089,4042.3218,4022
1090,4038.5742,4019
1091,4035.715,4015
1092,4032.022,4012
1093,4029.1687,4008
1094,4025.485,4005
1095,4022.6387,4001
1096,4018.9648,3997
1097,4015.251,3994
1098,4012.4167,3990
1099,4008.758,3987
1100,4005.9294,3983
1101,4002.2803,3980
1102,3999.4597,3976
1103,3995.8206,3972
1104,3992.1428,3969
1105,3989.3357,3965
1106,3985.7126,3962
1107,3982.9114,3958
1108,3979.2996,3955
1109,3976.5066,3951
1110,3972.9045,3947
1111,3969.2654,3944
1112,3966.486,3940
1113,3962.9019,3937
1114,3960.13,3933
1115,3956.5566,3930
1116,3953.7925,3926
1117,3950.2307,3922
1118,3946.6323,3919
1119,3943.8828,4105
1120,4106.9917,4787
1121,4768.976,5364
1122,5353.6655,5632
1123,5622.227,5900
1124,5894.9204,6010
1125,5999.7993,5969
1126,5948.6177,5844
1127,5817.0093,5720
1128,5692.7046,5596
1129,5570.103,5492
1130,5469.111,5411
1131,5391.406,5330
1132,5313.4155,5252
1133,5238.6636,5221
1134,5209.94,5189
1135,5179.4067,5158
1136,5149.567,5127
1137,5119.729,5095
1138,5088.9243,5064
1139,5059.0903,5032
1140,5028.28,5001
1141,4998.412,4970
1142,4968.519,4938
1143,4937.6216,4910
1144,4910.5327,4892
1145,4893.072,4875
1146,4876.611,4857
1147,4859.138,4839
1148,4841.6313,4822
1149,4825.0737,4804
1150,4807.5415,4786
1151,4789.972,4769
1152,4773.3496,4751
1153,4755.7534,4733
1154,4738.117,4716
1155,4721.4272,4698
1156,4703.7676,4681
1157,4687.031,4663
1158,4669.3286,4645
1159,4651.5815,4628
1160,4634.7837,4718
1161,4721.505,4902
1162,4901.265,5086
1163,5081.377,5269
1164,5260.135,5453
1165,5441.8403,5636
1166,5625.5825,5820
1167,5812.922,6004
1168,6000.8735,6187
1169,6186.344,6371
1170,6370.613,6554
1171,6551.764,6738
1172,6732.975,6922
1173,6914.1177,7105
1174,7094.877,7289
1175,7277.8086,7473
1176,7461.6733,7656
1177,7645.0884,7840
1178,7829.888,8023
1179,8013.2466,8207
1180,8196.97,8391
1181,8379.522,8574
1182,8559.648,8758
1183,8739.482,8941
1184,8917.05,9125
1185,9094.677,9309
1186,9271.845,9434
1187,9393.173,9399
1188,9362.5,9364
1189,9325.068,9329
1190,9290.0205,9294
1191,9255.333,9259
1192,9220.657,9224
1193,9185.997,9189
1194,9151.3545,9154
1195,9116.726,9119
1196,9082.104,9084
1197,9047.483,9049
1198,9012.862,9014
1199,8978.237,8978
1200,8942.608,8943
1201,8907.948,8908
1202,8873.315,8873
1203,8838.6455,8838
1204,8803.954,8803
1205,8769.243,8768
1206,8734.509,8733
1207,8699.753,8698
1208,8664.97,8663
1209,8630.162,8628
1210,8595.327,8593
1211,8560.466,8558
1212,8525.575,8523
1213,8490.656,8488
1214,8455.71,8452
1215,8419.678,8417
1216,8384.707,8382
1217,8349.71,8347
1218,8314.655,8312
1219,8279.578,8358
1220,8331.245,8502
1221,8483.149,8645
1222,8626.142,8789
1223,8766.743,8933
1224,8906.883,9077
1225,9046.538,9221
1226,9185.873,9365
1227,9325.156,9412
1228,9372.803,9376
1229,9338.378,9339
1230,9300.16,9303
1231,9264.239,9267
1232,9228.584,9230
1233,9191.96,9194
1234,9156.278,9157
1235,9119.695,9121
1236,9084.045,9085
1237,9048.451,9048
1238,9011.849,9012
1239,8976.206,8976
1240,8940.603,8939
1241,8903.963,8903
1242,8868.297,8866
1243,8831.64,8830
1244,8795.946,8794
1245,8760.26,8757
1246,8723.5,8721
1247,8687.742,8685
1248,8651.981,8648
1249,8615.126,8612
1250,8579.296,8576
1251,8543.448,8539
1252,8506.495,8503
1253,8470.582,8569
1254,8541.965,8658
1255,8633.866,8747
1256,8721.799,8836
1257,8808.942,8926
1258,8896.977,9015
1259,8983.84,9104
1260,9070.554,9193
1261,9157.218,9282
1262,9243.875,9371
1263,9330.593,9460
1264,9417.443,9549
1265,9504.503,9638
1266,9591.845,9727
1267,9679.543,9816
1268,9767.664,10157
1269,10083.899,10110
1270,10078.233,10063
1271,10032.501,10015
1272,9983.007,9968
1273,9934.409,9921
1274,9886.126,9874
1275,9838.026,9827
1276,9790.089,9779
1277,9741.396,9732
1278,9693.673,9685
1279,9646.194,9638
1280,9598.853,9591
1281,9551.633,9544
1282,9504.528,9496
1283,9456.585,9449
1284,9409.608,9402
1285,9362.794,9355
1286,9316.038,9308
1287,9269.341,9260
1288,9221.726,9213
1289,9175.067,9166
1290,9128.498,9119
1291,9081.931,9072
1292,9035.368,9025
1293,8988.804,8977
1294,8941.23,8930
1295,8894.622,8883
1296,8848.031,8836
1297,8801.39,8789
1298,8754.71,8742
1299,8707.992,8694
1300,8660.201,8647
1301,8613.405,8600
1302,8566.58,8553
1303,8519.68,8506
1304,8472.731,8458
1305,8424.679,8411
1306,8377.663,8364
1307,8330.606,8317
1308,8283.478,8270
1309,8236.31,8223
1310,8189.109,8175
1311,8140.7974,8128
1312,8093.5923,8081
1313,8046.349,8034
1314,7999.06,7987
1315,7951.7676,7939
1316,7903.383,7892
1317,7856.1616,7845
1318,7808.9224,7798
1319,7761.6743,7751
1320,7714.4585,7704
1321,7667.281,7656
1322,7619.0522,7609
1323,7572.0444,7562
1324,7525.0513,7515
1325,7478.0903,7468
1326,7431.204,7420
1327,7383.3066,7373
1328,7336.652,7326
1329,7290.0317,7279
1330,7243.469,7232
1331,7196.996,7185
1332,7150.611,7137
1333,7103.236,7090
1334,7057.0933,7043
1335,7010.9746,6996
1336,6964.9043,6949
1337,6918.901,6901
1338,6871.8896,6854
1339,6826.054,6807
1340,6780.1943,6760
1341,6734.3296,6713
1342,6688.4673,6666
1343,6642.587,6618
1344,6595.6177,6571
1345,6549.7104,6524
1346,6503.682,6477
1347,6457.5464,6430
1348,6411.306,6383
1349,6364.947,6335
1350,6317.394,6288
1351,6270.816,6241
1352,6224.0474,6194
1353,6177.1226,6147
1354,6130.06,6099
1355,6081.806,6052
1356,6034.563,6005
1357,5987.193,5958
1358,5939.7563,5911
1359,5892.2964,5864
1360,5844.847,5816
1361,5796.3833,5769
1362,5749.109,5722
1363,5701.9146,5675
1364,5654.8564,5628
1365,5607.9683,5580
1366,5560.2407,5533
1367,5513.781,5486
1368,5467.502,5439
1369,5421.4204,5392
1370,5375.5356,5345
1371,5329.8296,5297
1372,5283.2964,5250
1373,5237.904,5203
1374,5192.606,5156
1375,5147.376,5109
1376,5102.186,5061
1377,5056.0366,5014
1378,5010.8296,4967
1379,4965.5684,4920
1380,4920.218,4873
1381,4874.7573,4826
1382,4829.1665,4778
1383,4782.4653,4731
1384,4736.558,4684
1385,4690.5083,4637
1386,4644.3027,4590
1387,4597.9536,4543
1388,4551.481,4495
1389,4503.9473,4448
1390,4457.29,4401
1391,4410.65,4354
1392,4364.048,4307
1393,4317.5483,4259
1394,4270.2803,4212
1395,4224.1772,4165
1396,4178.4565,4118
1397,4133.169,4071
1398,4088.4133,4024
1399,4044.2903,3976
1400,4000.034,3929
1401,3957.4536,3882
1402,3915.8508,3835
1403,3875.2717,3788
1404,3835.7986,3740
1405,3796.7532,3693
1406,3759.6912,3646
1407,3723.9553,3610
1408,3697.1316,3614
1409,3697.9043,3618
1410,3699.9016,3622
1411,3701.9114,3625
1412,3703.2937,3629
1413,3705.3801,3633
1414,3707.5662,3637
1415,3709.8257,3641
1416,3712.1675,3644
1417,3713.9124,3648
1418,3716.422,3652
1419,3719.0835,3656
1420,3721.8809,3660
1421,3724.8176,3663
1422,3727.1711,3667
1423,3730.241,3671
1424,3733.3557,3675
1425,3736.4778,3678
1426,3738.8945,3682
1427,3741.9983,3686
1428,3745.1453,3690
1429,3748.299,3694
1430,3751.4626,3697
1431,3753.9084,3701
1432,3757.0515,3705
1433,3760.239,3709
1434,3763.4336,3712
1435,3765.9006,3716
1436,3769.0754,3720
